10.000000 1.000000
20.000000 0.765934
30.000000 0.614013
40.000000 0.515408
50.000000 0.451407
60.000000 0.409868
70.000000 0.382906
80.000000 0.365407
90.000000 0.354049
100.000000 0.346677
110.000000 0.341892
120.000000 0.338786
130.000000 0.336771
140.000000 0.335462
150.000000 0.334613
160.000000 0.334062
170.000000 0.333704
180.000000 0.333472
190.000000 0.333321
200.000000 0.333224
210.000000 0.333160
220.000000 0.333119
230.000000 0.333092
240.000000 0.333075
250.000000 0.333064
260.000000 0.333056
270.000000 0.333051
280.000000 0.333048
290.000000 0.333046
300.000000 0.333045
310.000000 0.333044
320.000000 0.333044
330.000000 0.333043
340.000000 0.333043
350.000000 0.333043
360.000000 0.333043
370.000000 0.333043
380.000000 0.333043
390.000000 0.333043
400.000000 0.333043
410.000000 0.333043
420.000000 0.333043
430.000000 0.333043
440.000000 0.333043
450.000000 0.333043
460.000000 0.333043
470.000000 0.333043
480.000000 0.333043
490.000000 0.333043
500.000000 0.333043
510.000000 0.333043
520.000000 0.333043
530.000000 0.333043
540.000000 0.333043
550.000000 0.333043
560.000000 0.333043
570.000000 0.333043
580.000000 0.333043
590.000000 0.333043
600.000000 0.333043
610.000000 0.333043
620.000000 0.333043
630.000000 0.333043
640.000000 0.333043
650.000000 0.333043
660.000000 0.333043
670.000000 0.333043
680.000000 0.333043
690.000000 0.333043
700.000000 0.333043
710.000000 0.333043
720.000000 0.333043
730.000000 0.333043
740.000000 0.333043
750.000000 0.333043
760.000000 0.333043
770.000000 0.333043
780.000000 0.333043
790.000000 0.333043
800.000000 0.333043
