10.000000 1.000000
20.000000 0.882616
30.000000 0.790181
40.000000 0.717390
50.000000 0.660071
60.000000 0.614933
70.000000 0.579389
80.000000 0.551398
90.000000 0.529357
100.000000 0.512000
110.000000 0.498332
120.000000 0.487569
130.000000 0.479094
140.000000 0.472420
150.000000 0.467164
160.000000 0.463025
170.000000 0.459766
180.000000 0.457199
190.000000 0.455178
200.000000 0.453587
210.000000 0.452334
220.000000 0.451347
230.000000 0.450570
240.000000 0.449958
250.000000 0.449476
260.000000 0.449096
270.000000 0.448798
280.000000 0.448562
290.000000 0.448377
300.000000 0.448231
310.000000 0.448116
320.000000 0.448026
330.000000 0.447954
340.000000 0.447898
350.000000 0.447854
360.000000 0.447819
370.000000 0.447792
380.000000 0.447770
390.000000 0.447753
400.000000 0.447740
410.000000 0.447729
420.000000 0.447721
430.000000 0.447715
440.000000 0.447709
450.000000 0.447705
460.000000 0.447702
470.000000 0.447700
480.000000 0.447698
490.000000 0.447696
500.000000 0.447695
510.000000 0.447694
520.000000 0.447693
530.000000 0.447693
540.000000 0.447692
550.000000 0.447692
560.000000 0.447691
570.000000 0.447691
580.000000 0.447691
590.000000 0.447691
600.000000 0.447691
610.000000 0.447691
620.000000 0.447691
630.000000 0.447691
640.000000 0.447691
650.000000 0.447690
660.000000 0.447690
670.000000 0.447690
680.000000 0.447690
690.000000 0.447690
700.000000 0.447690
710.000000 0.447690
720.000000 0.447690
730.000000 0.447690
740.000000 0.447690
750.000000 0.447690
760.000000 0.447690
770.000000 0.447690
780.000000 0.447690
790.000000 0.447690
800.000000 0.447690
