10.000000 1.000000
20.000000 0.765973
30.000000 0.614068
40.000000 0.515468
50.000000 0.451467
60.000000 0.409925
70.000000 0.382960
80.000000 0.365457
90.000000 0.354096
100.000000 0.346722
110.000000 0.341935
120.000000 0.338828
130.000000 0.336811
140.000000 0.335502
150.000000 0.334653
160.000000 0.334101
170.000000 0.333743
180.000000 0.333511
190.000000 0.333360
200.000000 0.333262
210.000000 0.333199
220.000000 0.333157
230.000000 0.333131
240.000000 0.333113
250.000000 0.333102
260.000000 0.333095
270.000000 0.333090
280.000000 0.333087
290.000000 0.333085
300.000000 0.333083
310.000000 0.333083
320.000000 0.333082
330.000000 0.333082
340.000000 0.333082
350.000000 0.333081
360.000000 0.333081
370.000000 0.333081
380.000000 0.333081
390.000000 0.333081
400.000000 0.333081
410.000000 0.333081
420.000000 0.333081
430.000000 0.333081
440.000000 0.333081
450.000000 0.333081
460.000000 0.333081
470.000000 0.333081
480.000000 0.333081
490.000000 0.333081
500.000000 0.333081
510.000000 0.333081
520.000000 0.333081
530.000000 0.333081
540.000000 0.333081
550.000000 0.333081
560.000000 0.333081
570.000000 0.333081
580.000000 0.333081
590.000000 0.333081
600.000000 0.333081
610.000000 0.333081
620.000000 0.333081
630.000000 0.333081
640.000000 0.333081
650.000000 0.333081
660.000000 0.333081
670.000000 0.333081
680.000000 0.333081
690.000000 0.333081
700.000000 0.333081
710.000000 0.333081
720.000000 0.333081
730.000000 0.333081
740.000000 0.333081
750.000000 0.333081
760.000000 0.333081
770.000000 0.333081
780.000000 0.333081
790.000000 0.333081
800.000000 0.333081
