10.000000 1.000000
20.000000 0.882643
30.000000 0.790226
40.000000 0.717450
50.000000 0.660140
60.000000 0.615010
70.000000 0.579471
80.000000 0.551485
90.000000 0.529446
100.000000 0.512091
110.000000 0.498424
120.000000 0.487662
130.000000 0.479187
140.000000 0.472513
150.000000 0.467257
160.000000 0.463119
170.000000 0.459860
180.000000 0.457293
190.000000 0.455272
200.000000 0.453680
210.000000 0.452427
220.000000 0.451440
230.000000 0.450663
240.000000 0.450051
250.000000 0.449569
260.000000 0.449189
270.000000 0.448891
280.000000 0.448655
290.000000 0.448470
300.000000 0.448324
310.000000 0.448209
320.000000 0.448118
330.000000 0.448047
340.000000 0.447991
350.000000 0.447947
360.000000 0.447912
370.000000 0.447885
380.000000 0.447863
390.000000 0.447846
400.000000 0.447833
410.000000 0.447822
420.000000 0.447814
430.000000 0.447807
440.000000 0.447802
450.000000 0.447798
460.000000 0.447795
470.000000 0.447792
480.000000 0.447790
490.000000 0.447789
500.000000 0.447788
510.000000 0.447787
520.000000 0.447786
530.000000 0.447785
540.000000 0.447785
550.000000 0.447784
560.000000 0.447784
570.000000 0.447784
580.000000 0.447784
590.000000 0.447784
600.000000 0.447783
610.000000 0.447783
620.000000 0.447783
630.000000 0.447783
640.000000 0.447783
650.000000 0.447783
660.000000 0.447783
670.000000 0.447783
680.000000 0.447783
690.000000 0.447783
700.000000 0.447783
710.000000 0.447783
720.000000 0.447783
730.000000 0.447783
740.000000 0.447783
750.000000 0.447783
760.000000 0.447783
770.000000 0.447783
780.000000 0.447783
790.000000 0.447783
800.000000 0.447783
